每幅图像的标定误差：
第1幅图像的平均误差：0.083209像素
第2幅图像的平均误差：0.0905352像素
第3幅图像的平均误差：0.0747991像素
第4幅图像的平均误差：0.0842921像素
第5幅图像的平均误差：0.0796111像素
第6幅图像的平均误差：0.0727152像素
第7幅图像的平均误差：0.0756508像素
总体平均误差：0.0801161像素

相机内参数矩阵：
[419.9366859897386, 0, 286.7390370471864;
 0, 412.5782509707624, 251.6873825608329;
 0, 0, 1]

畸变系数：
[0.01594348880012313, -0.2530370804490262, 0.02147956780621575, -0.03502974317967394, 0.6797196157143521]


第1幅图像的旋转向量：
[2.603146026234202;
 11.34887964897084;
 142.627739888414]
第1幅图像的旋转矩阵：
[-0.8955886511198622, 0.01167945080037072, 0.4447297588584641;
 -0.3023359302336821, 0.7173655795378422, -0.6276779513286017;
 -0.3263647549522466, -0.6965990351151357, -0.6389333541157654]
第1幅图像的平移向量：
[2.603146026234202;
 11.34887964897084;
 142.627739888414]

第2幅图像的旋转向量：
[3.300528348124106;
 12.46468318035415;
 134.1436001612226]
第2幅图像的旋转矩阵：
[-0.8123635949807311, -0.08103503970420717, 0.5774934734610602;
 -0.4710779841530338, 0.6749095170923047, -0.5679636225891105;
 -0.3437308865905081, -0.7334374316043388, -0.5864457447414331]
第2幅图像的平移向量：
[3.300528348124106;
 12.46468318035415;
 134.1436001612226]

第3幅图像的旋转向量：
[33.98167572271719;
 17.98533518876121;
 133.1378593315648]
第3幅图像的旋转矩阵：
[-0.9713192984301455, -0.03027058311939462, 0.2358442543179328;
 -0.2003717595560837, 0.6382337380396279, -0.7433093929181589;
 -0.1280233512667471, -0.7692472862646802, -0.6259941166695229]
第3幅图像的平移向量：
[33.98167572271719;
 17.98533518876121;
 133.1378593315648]

第4幅图像的旋转向量：
[15.09430590960882;
 13.65319022690324;
 138.2721867282571]
第4幅图像的旋转矩阵：
[-0.9012874217194625, -0.02298486626601012, 0.4326114646805114;
 -0.3193206111230446, 0.7100957918619173, -0.6275335159909807;
 -0.2927718066383597, -0.7037298219506765, -0.6473399469637111]
第4幅图像的平移向量：
[15.09430590960882;
 13.65319022690324;
 138.2721867282571]

第5幅图像的旋转向量：
[24.30148880072512;
 15.23672521888599;
 118.4813478114823]
第5幅图像的旋转矩阵：
[-0.9495319253202941, -0.08408290777317262, 0.3021906474693479;
 -0.3009836306454423, 0.515459906215777, -0.8023153614181338;
 -0.08830615426471433, -0.8527784880638294, -0.5147532160312801]
第5幅图像的平移向量：
[24.30148880072512;
 15.23672521888599;
 118.4813478114823]

第6幅图像的旋转向量：
[53.61063783525066;
 12.32743523512791;
 129.8378130050137]
第6幅图像的旋转矩阵：
[-0.9823186530408329, -0.1654834055806347, 0.08755173536531996;
 -0.1701930527889432, 0.5944894387867359, -0.7858858899060422;
 0.07800249143728571, -0.7868910659350931, -0.6121421907376661]
第6幅图像的平移向量：
[53.61063783525066;
 12.32743523512791;
 129.8378130050137]

第7幅图像的旋转向量：
[44.67083042081499;
 27.6326334711612;
 127.5288706399143]
第7幅图像的旋转矩阵：
[-0.9733536462349599, -0.1478482878799619, 0.1752813827309465;
 -0.2262061407774376, 0.4937584320419155, -0.8396626659927711;
 0.03759602686038446, -0.8569384426891313, -0.5140457608091326]
第7幅图像的平移向量：
[44.67083042081499;
 27.6326334711612;
 127.5288706399143]


