color
resolution_x 640 
resolution_y 480 
 cx = 319.677521
 cy = 235.021820
 fx = 405.316284
 fy = 408.058411
  k1 = -0.005948
 k2 = -0.256112
 k3 = 0.131517
 k4 = 0.000000
 k5 = 0.000000
 k6 = 0.000000

depth
resolution_x 640 
resolution_y 480 
 cx = 318.240936
 cy = 245.441635
 fx = 500.234070
 fy = 500.649170
  k1 = 0.020397
 k2 = -0.296750
 k3 = 0.309806
 k4 = 0.000000
 k5 = 0.000000
 k6 = 0.000000

extrinsic
R_Param[0] = 0.999931
R_Param[1] = 0.008544
R_Param[2] = -0.007936
R_Param[3] = -0.008530
R_Param[4] = 0.999961
R_Param[5] = 0.001892
R_Param[6] = 0.007953
R_Param[7] = -0.001824
R_Param[8] = 0.999967
T_Param[0] = -10.529144
T_Param[1] = 0.793651
T_Param[2] = 0.773661
